1 1
2 1
3 1
5 1
6 1
7 1
9 1
10 1
11 1
12 1
1 2
2 2
3 2
5 2
6 2
7 2
9 2
10 2
11 2
12 2
1 3
2 3
3 3
5 3
6 3
7 3
9 3
10 3
11 3
12 3
1 4
3 4
5 4
7 4
9 4
12 4
1 5
3 5
5 5
7 5
9 5
12 5
1 6
3 6
5 6
7 6
9 6
12 6
1 7
3 7
5 7
7 7
9 7
12 7
1 8
3 8
5 8
7 8
9 8
10 8
11 8
12 8
1 9
3 9
5 9
7 9
9 9
10 9
11 9
12 9
1 10
3 10
5 10
7 10
9 10
10 10
11 10
12 10
1 11
3 11
5 11
7 11
9 11
1 12
3 12
5 12
7 12
9 12
1 13
3 13
5 13
7 13
9 13
1 14
2 14
3 14
5 14
6 14
7 14
9 14
1 15
2 15
3 15
5 15
6 15
7 15
9 15
1 16
2 16
3 16
5 16
6 16
7 16
9 16
